0 0.304012 0.496305 0.170913 0.862958
0 0.778824 0.487714 0.171395 0.868528
0 0.633913 0.498942 0.127478 0.731229
0 0.47435 0.473143 0.138892 0.78507
0 0.583976 0.250506 0.0216677 0.0969455
26 0.52129 0.541882 0.0427341 0.121463
0 0.307276 0.492716 0.168338 0.868957
0 0.765 0.468932 0.168576 0.846875
0 0.623403 0.484682 0.13044 0.715792
0 0.458898 0.480261 0.144426 0.795291
0 0.307691 0.489648 0.167921 0.868191
0 0.764938 0.468123 0.16884 0.845297
0 0.6236 0.482331 0.13078 0.714403
0 0.459007 0.480328 0.144421 0.78974
0 0.307515 0.483502 0.166656 0.867076
0 0.764307 0.469601 0.169671 0.843431
0 0.623006 0.481513 0.130681 0.721972
0 0.459363 0.480634 0.14477 0.786822
0 0.308396 0.482239 0.168934 0.865224
0 0.764861 0.4835 0.168323 0.868578
0 0.623564 0.480707 0.130971 0.722756
0 0.459726 0.482718 0.143656 0.786411
0 0.309431 0.478052 0.169971 0.863489
0 0.622125 0.478422 0.132177 0.722992
0 0.764661 0.479751 0.170261 0.852359
0 0.459768 0.483999 0.141158 0.785936
0 0.309877 0.475248 0.1687 0.862117
0 0.621069 0.479168 0.131645 0.724802
0 0.764481 0.476604 0.170378 0.841201
0 0.460037 0.485931 0.139755 0.790439
0 0.312202 0.471339 0.167748 0.860274
0 0.618742 0.48798 0.137762 0.744106
0 0.765199 0.483456 0.17029 0.85212
0 0.459401 0.488612 0.137542 0.798833
26 0.432539 0.53022 0.0457723 0.117289
0 0.313868 0.467498 0.168546 0.855726
0 0.618432 0.488754 0.141257 0.746074
0 0.764932 0.495786 0.170407 0.878151
0 0.458336 0.489346 0.134114 0.804699
0 0.313872 0.465916 0.168053 0.853179
0 0.619192 0.49089 0.142367 0.748261
0 0.765174 0.494852 0.169691 0.876464
0 0.458069 0.486658 0.132308 0.800984
26 0.434433 0.518423 0.0520493 0.131193
26 0.433949 0.483334 0.0537804 0.201748
0 0.315188 0.462419 0.168183 0.847528
0 0.619781 0.493633 0.144561 0.746079
0 0.764642 0.493421 0.171494 0.876134
0 0.45838 0.4852 0.132709 0.804796
0 0.315714 0.461051 0.168429 0.84558
0 0.618926 0.494877 0.144122 0.745683
0 0.765041 0.492462 0.170688 0.875187
0 0.458541 0.48279 0.132758 0.802587
0 0.317335 0.462526 0.166691 0.847379
0 0.621156 0.480766 0.138551 0.708731
0 0.766473 0.492663 0.171127 0.881971
0 0.460011 0.474489 0.132541 0.801429
0 0.317686 0.463999 0.166606 0.849132
0 0.768177 0.493784 0.169364 0.885369
0 0.624402 0.487118 0.140581 0.719778
0 0.461093 0.472268 0.133671 0.799827
0 0.318297 0.467486 0.170501 0.850199
0 0.769472 0.482867 0.170344 0.867488
0 0.62785 0.49693 0.139624 0.738865
0 0.461549 0.470912 0.135232 0.796661
0 0.317188 0.466561 0.173358 0.857571
0 0.770725 0.477861 0.16962 0.861439
0 0.630755 0.495757 0.136501 0.743345
0 0.461852 0.46615 0.138667 0.786535
0 0.312993 0.467998 0.181729 0.850914
0 0.770821 0.468387 0.170471 0.846824
0 0.630046 0.486446 0.136452 0.7352
0 0.462543 0.467341 0.13815 0.793173
0 0.310857 0.469505 0.186067 0.847305
0 0.770949 0.471295 0.170382 0.855537
0 0.631529 0.485561 0.134667 0.734089
0 0.461513 0.468171 0.140115 0.793193
0 0.310615 0.475073 0.184953 0.848292
0 0.769504 0.47018 0.170842 0.852062
0 0.632244 0.486446 0.132437 0.741705
0 0.458805 0.474241 0.145673 0.796315
0 0.310045 0.478222 0.18356 0.84902
0 0.768291 0.472602 0.172826 0.858217
0 0.632268 0.486556 0.133175 0.742119
0 0.457192 0.476012 0.149093 0.798037
0 0.314318 0.48219 0.172158 0.850986
0 0.767504 0.476028 0.174635 0.863095
0 0.633525 0.478238 0.13291 0.730004
0 0.457694 0.47874 0.148673 0.797826
0 0.315321 0.485743 0.1701 0.855701
0 0.45746 0.48335 0.148248 0.798848
0 0.767912 0.476646 0.173704 0.860867
0 0.632436 0.478509 0.134555 0.734563
0 0.314918 0.490139 0.170881 0.863671
0 0.768755 0.479531 0.171739 0.864199
0 0.459302 0.487567 0.144659 0.804157
0 0.631898 0.477167 0.135867 0.734518
0 0.586037 0.266984 0.0203665 0.0945283
0 0.313152 0.494653 0.169372 0.872012
0 0.461569 0.491024 0.140767 0.806293
0 0.769209 0.484917 0.170461 0.869683
0 0.631741 0.474717 0.135585 0.731768
0 0.58592 0.267326 0.0194306 0.0924452
0 0.311933 0.492361 0.170414 0.864872
0 0.770503 0.482694 0.167963 0.859942
0 0.636036 0.480992 0.128362 0.736512
0 0.460538 0.496189 0.141369 0.816704
0 0.587775 0.267351 0.020975 0.0999881
0 0.311609 0.488462 0.171175 0.859341
0 0.769989 0.487212 0.168607 0.86601
0 0.460903 0.49542 0.139966 0.815326
0 0.634884 0.478159 0.130439 0.727957
0 0.588235 0.269935 0.0199471 0.102174
26 0.504512 0.420199 0.051698 0.391538
0 0.309894 0.482607 0.172637 0.860167
0 0.770769 0.494489 0.166633 0.874447
0 0.459013 0.494135 0.140874 0.816886
0 0.634044 0.482383 0.132903 0.730626
0 0.589494 0.271704 0.0219463 0.100901
26 0.503584 0.421558 0.0520347 0.381212
0 0.308335 0.479036 0.16983 0.865934
0 0.771558 0.497353 0.163582 0.874201
0 0.45795 0.491093 0.139812 0.811744
0 0.631997 0.485877 0.135726 0.733638
0 0.589369 0.273135 0.0207387 0.105425
0 0.307554 0.476932 0.169071 0.865771
0 0.771163 0.497966 0.163642 0.874439
0 0.457478 0.489717 0.139613 0.808793
0 0.631478 0.487064 0.135239 0.733267
0 0.589245 0.26911 0.0201146 0.096768
26 0.502086 0.409367 0.0503817 0.408345
0 0.308251 0.475264 0.170889 0.871197
0 0.770468 0.498613 0.162796 0.878699
0 0.456784 0.487062 0.137849 0.809161
0 0.632327 0.493733 0.132625 0.73897
26 0.5 0.410116 0.0490389 0.408652
0 0.307266 0.467925 0.169253 0.858457
0 0.456041 0.481612 0.135645 0.803755
0 0.768982 0.495557 0.163438 0.874834
0 0.629577 0.499903 0.134407 0.74538
0 0.307637 0.464744 0.169078 0.854512
0 0.455428 0.479526 0.135303 0.804954
0 0.767205 0.492867 0.165 0.872264
0 0.625445 0.504223 0.141515 0.750323
0 0.307891 0.462495 0.168827 0.84937
0 0.45537 0.476471 0.136046 0.803929
0 0.624069 0.504017 0.140296 0.750573
0 0.76544 0.489243 0.166898 0.869252
0 0.308888 0.462227 0.168783 0.850236
0 0.763271 0.479675 0.168923 0.858504
0 0.622931 0.497895 0.139757 0.751759
0 0.457001 0.477806 0.136539 0.805952
0 0.309127 0.468939 0.167363 0.863815
0 0.762078 0.476682 0.169025 0.858923
0 0.622637 0.495623 0.1366 0.752169
0 0.456821 0.48153 0.137299 0.810564
0 0.309308 0.472784 0.16728 0.86716
0 0.761563 0.474403 0.169344 0.855044
0 0.622626 0.492451 0.134911 0.748747
0 0.456868 0.483244 0.13793 0.815468
0 0.309291 0.472506 0.167096 0.865082
0 0.76116 0.471245 0.169482 0.848853
0 0.622801 0.490831 0.132059 0.747161
0 0.457595 0.483563 0.136472 0.809967
0 0.309102 0.474854 0.166488 0.865742
0 0.760322 0.470144 0.169388 0.847162
0 0.622218 0.486259 0.130126 0.740925
0 0.457981 0.483652 0.135072 0.812594
0 0.758131 0.469168 0.167816 0.851413
0 0.309598 0.47753 0.166245 0.867817
0 0.621458 0.478861 0.126386 0.73165
0 0.455592 0.476408 0.138177 0.795971
0 0.309345 0.478829 0.165343 0.865884
0 0.757599 0.46917 0.167789 0.852315
0 0.620513 0.478456 0.126407 0.731629
0 0.454981 0.489389 0.136876 0.817265
0 0.619009 0.476945 0.127134 0.728737
0 0.309425 0.482836 0.164814 0.867404
0 0.755813 0.469611 0.16852 0.853481
0 0.453979 0.492819 0.136513 0.8122
0 0.617532 0.479936 0.129101 0.734011
0 0.309139 0.483992 0.164434 0.866008
0 0.754617 0.47283 0.168817 0.857075
0 0.452968 0.497323 0.137776 0.816944
36 0.758338 0.887066 0.0702595 0.109654
